[Classic Mandelbrot]
type=escape_time
subtype=mandelbrot
max_iterations=255
x_samples=3840
y_samples=2160
min_x=-2.3
max_x=0.8
min_y=-1.1
max_y=1.1

[Mandelbrot Zoomed-In Spiral]
type=escape_time
subtype=mandelbrot
max_iterations=255
x_samples=3840
y_samples=2160
min_x=-0.7473
max_x=-0.7433
min_y=0.1112
max_y=0.1147

[Mandelbrot Unnamed 0]
type=escape_time
subtype=mandelbrot
max_iterations=255
x_samples=3840
y_samples=2160
min_x=-0.750222
max_x=-0.749191
min_y=0.031161
max_y=0.031752

[Mandelbrot Unnamed 1]
type=escape_time
subtype=mandelbrot
max_iterations=255
x_samples=3840
y_samples=2160
min_x=-0.34831493420245574
max_x=-0.34839774148008254
min_y=-0.606486596104741
max_y=-0.6065922085831237
